15210
13011
15228
12890
12831
11516
15545
15756
14435
16294
11720
18329
12018
14357
14048
10160
11922
13779
17534
13765
15436
13718
12945
17442
20595
21634
16527
14016
18636
12515
17053
11369
15566
21190
15744
25086
19263
16303
14419
16145
17451
16287
12107
14931
14340
13976
13459
14627
12817
13470
14230
17605
15197
14855
14751
16843
13512
14205
14066
20702
20295
15562
14326
15030
9387
11816
20347
14295
16530
17309
23316
22969
13195
11400
18169
20582
16676
13550
14060
21851
12936
15991
10561
10105
17081
15738
10871
14657
13552
16100
17617
14872
12400
17499
15079
17734
10707
13006
13729
14118
17717
12043
14497
12803
14205
15392
13890
13947
10592
16965
12805
14293
14701
15145
11037
15004
15239
13861
13051
11583
13989
12947
19246
16117
13994
26838
17033
12322
20146
20366
14864
18481
14913
13654
9664
10158
14765
27022
19259
18349
17506
11314
18894
9142
21761
11545
23998
11387
16010
14754
10935
11580
20824
16092
15121
16124
11717
15251
11073
15176
19709
10927
20121
15403
14441
22983
18834
16772
14556
12640
11741
18838
17568
14422
18844
15588
14494
16933
16236
19763
19651
14977
13124
15537
11939
16194
12256
16178
15032
18076
14588
29604
11207
16182
16082
14848
10025
18328
22377
13258
15097
20440
13180
13184
10261
12527
12722
16004
13781
11086
19817
10492
16241
17913
23955
13363
13126
13251
16970
16198
13905
14177
12523
15413
18254
11043
13835
15236
20673
16006
16724
18771
8246
14334
10016
12525
17143
20157
12660
16156
11792
20859
16977
18911
12713
13137
16550
16616
15048
15181
15881
16849
12239
17686
14078
14782
14996
14390
19806
16311
18352
13887
14436
18312
15993
13615
12062
18610
13735
17134
17236
21624
22601
17584
16837
14046
18291
12093
16929
10530
17139
16223
23369
16641
18699
23677
14600
16954
19031
19174
18676
13510
25884
13567
13663
25930
19173
16491
10963
17910
22226
18256
12536
16715
11909
12101
13138
19785
20640
8691
22144
10910
12279
10750
11499
13833
12219
14519
20074
12000
16626
14078
20538
13814
15316
13619
10724
14455
20700
16530
13659
18689
25466
20925
15958
13059
15833
14699
13068
12743
17489
12879
14944
16258
13468
13140
14028
12589
14599
16626
12741
14050
21375
19964
11735
19021
11593
13666
16403
13890
11905
11035
19933
13893
12478
10142
14307
16389
17666
14327
16807
14618
12866
12712
15104
16625
18703
16019
15013
11540
14513
16948
13358
21484
13433
14046
9760
16984
13739
14174
16573
17555
12691
13920
11557
16424
19249
12908
15140
17251
18012
17658
16406
13891
13114
12112
14370
15666
14243
16188
10451
15815
26357
10312
11366
16643
16592
16897
15491
16805
20873
13815
11601
15631
15167
11888
19779
9779
15302
17013
13242
13531
17148
21593
19053
16645
12827
20237
23085
15439
15482
18643
11156
13849
18207
14499
12165
15207
15142
19653
17707
9990
19896
12401
12044
11410
15707
12787
21153
16511
17773
17473
15453
13478
11368
17490
12947
17586
17091
15509
18004
13536
13144
15898
14606
19693
12510
11896
15450
17773
18552
15621
15749
17033
20808
25520
11986
17378
12201
18033
18260
15285
15799
21130
22004
15524
15820
17218
22455
10337
