19885
15714
12477
12568
15320
10286
15460
10727
10538
10247
10921
9933
12008
18723
13251
13386
12881
14546
19476
13283
13889
20798
11461
13383
13409
14923
8604
13001
13201
11813
15901
11088
14556
16863
12982
16738
16163
11556
23722
16641
9732
21757
15049
12352
14061
13659
19222
10581
13051
15749
14163
18491
9584
14507
11786
16007
13663
9094
13785
9512
12697
16323
11241
8882
9334
12517
11143
19614
17124
16390
11679
11723
16023
8148
11790
10150
12256
14740
12760
17984
9146
10109
9288
12346
12669
11570
11497
13434
13341
16303
9550
17354
11712
22900
11304
13283
14682
14867
18309
20146
